var_bouchon=[[2016,6,15,15,27,2,48.293243,4.073143,15700,6,140,2.400,1.400,2.000,11,5,9,32,0,10,1,165,0,16,51,304,44,18,22,136,21,20,29,74,0,21,73,105,23,25,0,134,0,26,79,256,41,27,26,272,39,29,21,78,21,31,20,203,39,0,0,0,0];[2016,6,15,15,27,7,48.293060,4.073132,16270,5,220,3.700,2.200,2.900,11,5,9,32,0,10,1,165,0,16,51,304,43,18,22,136,20,20,29,74,0,21,73,105,25,25,0,134,0,26,79,256,41,27,26,272,39,29,21,78,0,31,20,203,26,0,0,0,0];[2016,6,15,15,27,12,48.292858,4.073205,16050,6,150,2.600,1.500,2.100,11,5,9,32,0,10,1,165,0,16,51,304,43,18,22,136,31,20,29,74,21,21,73,105,26,25,0,134,0,26,79,256,41,27,26,272,40,29,21,78,0,31,20,203,37,0,0,0,0];[2016,6,15,15,27,17,48.292858,4.073534,14880,6,150,2.600,1.500,2.100,10,5,9,31,0,10,2,164,0,16,51,304,25,18,22,136,36,20,29,74,32,21,73,104,38,26,79,255,41,27,27,272,37,29,21,78,0,31,20,203,37,0,0,0,0,0,0,0,0];[2016,6,15,15,27,22,48.292877,4.073785,14080,6,150,2.600,1.500,2.100,10,5,9,31,0,10,2,164,0,16,51,304,23,18,22,136,36,20,29,74,38,21,73,104,38,26,79,255,41,27,27,272,45,29,21,78,0,31,20,203,37,0,0,0,0,0,0,0,0];[2016,6,15,15,27,27,48.292793,4.074075,13520,6,150,2.600,1.500,2.100,10,5,9,31,0,10,2,164,0,16,51,304,43,18,22,136,32,20,29,74,38,21,73,104,38,26,79,255,41,27,27,272,42,29,21,78,0,31,20,203,38,0,0,0,0,0,0,0,0];[2016,6,15,15,27,32,48.292690,4.074286,13070,6,150,2.600,1.500,2.100,10,5,9,31,0,10,2,164,0,16,51,304,44,18,22,136,25,20,29,74,38,21,73,104,38,26,79,255,41,27,27,272,39,29,21,78,0,31,20,203,27,0,0,0,0,0,0,0,0];[2016,6,15,15,27,37,48.292713,4.074380,13030,6,150,2.600,1.500,2.100,10,5,9,31,0,10,2,164,0,16,51,304,44,18,22,136,22,20,29,74,28,21,73,104,34,26,79,255,40,27,27,272,45,29,21,78,0,31,20,203,27,0,0,0,0,0,0,0,0];[2016,6,15,15,27,42,48.292743,4.074405,12860,6,150,2.600,1.500,2.100,10,5,9,31,0,10,2,164,0,16,51,304,41,18,22,136,25,20,29,74,27,21,73,104,29,26,79,255,35,27,27,272,45,29,21,78,0,31,20,203,26,0,0,0,0,0,0,0,0];[2016,6,15,15,27,47,48.292793,4.074450,13170,6,150,2.600,1.500,2.100,10,5,9,31,0,10,2,164,0,16,52,304,42,18,22,135,28,20,29,74,18,21,73,103,26,26,79,253,32,27,27,272,46,29,21,78,0,31,19,203,28,0,0,0,0,0,0,0,0];[2016,6,15,15,27,52,48.292835,4.074483,13310,6,150,2.600,1.500,2.100,10,5,9,31,0,10,2,164,0,16,52,304,42,18,22,135,27,20,29,74,31,21,73,103,27,26,79,253,38,27,27,272,45,29,21,78,0,31,19,203,29,0,0,0,0,0,0,0,0];[2016,6,15,15,27,57,48.292861,4.074497,13280,6,150,2.600,1.500,2.100,10,5,9,31,0,10,2,164,0,16,52,304,43,18,22,135,26,20,29,74,31,21,73,103,28,26,79,253,38,27,27,272,46,29,21,78,0,31,19,203,28,0,0,0,0,0,0,0,0];[2016,6,15,15,28,2,48.292869,4.074483,12810,7,120,2.200,1.200,1.800,10,5,9,31,0,10,2,164,0,16,52,304,43,18,23,135,21,20,29,74,31,21,73,103,40,26,79,253,41,27,27,272,45,29,21,78,0,31,19,203,23,0,0,0,0,0,0,0,0];[2016,6,15,15,28,7,48.292957,4.074636,12460,7,120,2.200,1.200,1.800,10,5,9,31,0,10,2,164,0,16,52,304,44,18,23,135,21,20,29,74,38,21,73,103,39,26,79,253,43,27,27,272,45,29,21,78,0,31,19,203,28,0,0,0,0,0,0,0,0];[2016,6,15,15,28,12,48.293113,4.074973,12420,7,120,2.200,1.200,1.800,10,5,9,31,0,10,2,164,0,16,52,304,43,18,23,135,23,20,29,74,28,21,73,103,39,26,79,253,42,27,27,272,38,29,21,78,0,31,19,203,41,0,0,0,0,0,0,0,0];[2016,6,15,15,28,17,48.293254,4.075395,12410,7,120,2.200,1.200,1.800,10,5,8,31,0,10,2,164,0,16,52,304,42,18,23,135,22,20,29,73,29,21,73,102,39,26,79,252,42,27,27,272,42,29,20,78,0,31,19,203,24,0,0,0,0,0,0,0,0];[2016,6,15,15,28,22,48.293403,4.075845,12360,7,120,2.200,1.200,1.800,10,5,8,31,0,10,2,164,0,16,52,304,42,18,23,135,18,20,29,73,30,21,73,102,39,26,79,252,42,27,27,272,44,29,20,78,0,31,19,203,24,0,0,0,0,0,0,0,0];[2016,6,15,15,28,27,48.293548,4.076295,12340,7,120,2.200,1.200,1.800,10,5,8,31,0,10,2,164,0,16,52,304,43,18,23,135,20,20,29,73,31,21,73,102,39,26,79,252,42,27,27,272,43,29,20,78,0,31,19,203,23,0,0,0,0,0,0,0,0];[2016,6,15,15,28,32,48.293674,4.076708,12540,6,200,3.200,2.000,2.500,10,5,8,31,0,10,2,164,0,16,52,304,42,18,23,135,24,20,29,73,0,21,73,102,38,26,79,252,42,27,27,272,41,29,20,78,0,31,19,203,26,0,0,0,0,0,0,0,0];[2016,6,15,15,28,37,48.293804,4.077080,13000,6,200,3.200,2.000,2.500,10,5,8,31,0,10,2,164,0,16,52,304,42,18,23,135,17,20,29,73,0,21,73,102,27,26,79,252,42,27,27,272,43,29,20,78,0,31,19,203,26,0,0,0,0,0,0,0,0];[2016,6,15,15,28,42,48.293914,4.077422,13430,6,200,3.200,2.000,2.500,10,5,8,31,0,10,2,164,0,16,52,304,40,18,23,135,16,20,29,73,0,21,73,102,29,26,79,252,42,27,27,272,40,29,20,78,0,31,19,203,21,0,0,0,0,0,0,0,0];[2016,6,15,15,28,47,48.294013,4.077755,13770,5,410,5.000,4.100,3.000,10,5,8,31,0,10,2,164,0,16,52,304,35,18,23,135,14,20,29,73,0,21,73,102,34,26,79,251,42,27,27,272,40,29,20,78,0,31,19,203,8,0,0,0,0,0,0,0,0];[2016,6,15,15,28,52,48.294139,4.078107,13640,6,140,2.100,1.400,1.600,10,5,8,31,0,10,2,164,0,16,52,304,43,18,23,135,0,20,29,73,0,21,73,102,34,26,79,251,41,27,27,272,37,29,20,78,34,31,19,203,14,0,0,0,0,0,0,0,0];[2016,6,15,15,28,57,48.294258,4.078432,13090,6,140,2.100,1.400,1.600,10,5,8,31,0,10,2,164,0,16,52,304,44,18,23,135,0,20,29,73,0,21,73,102,38,26,79,251,41,27,27,272,45,29,20,78,32,31,19,203,14,0,0,0,0,0,0,0,0];[2016,6,15,15,29,2,48.294307,4.078680,13520,6,140,2.100,1.400,1.600,10,5,8,31,0,10,2,164,0,16,52,304,43,18,23,135,0,20,29,73,0,21,73,102,38,26,79,251,42,27,27,272,44,29,20,78,27,31,19,203,38,0,0,0,0,0,0,0,0];[2016,6,15,15,29,7,48.294406,4.078918,14330,6,140,2.100,1.400,1.600,10,5,8,31,0,10,2,164,0,16,52,304,43,18,23,135,0,20,29,73,0,21,73,102,39,26,79,251,41,27,27,272,39,29,20,78,28,31,19,203,22,0,0,0,0,0,0,0,0];[2016,6,15,15,29,12,48.294532,4.079195,14750,6,140,2.100,1.400,1.600,10,5,8,31,0,10,2,164,0,16,52,304,42,18,23,135,0,20,29,73,0,21,73,102,38,26,79,251,41,27,27,272,35,29,20,78,28,31,19,203,26,0,0,0,0,0,0,0,0];[2016,6,15,15,29,17,48.294681,4.079510,14710,5,380,6.300,3.800,5.100,10,5,8,31,0,10,2,164,0,16,52,304,42,18,23,135,0,20,29,73,0,21,72,101,37,26,79,249,40,27,27,273,41,29,20,78,0,31,19,202,26,0,0,0,0,0,0,0,0];[2016,6,15,15,29,22,48.294815,4.079755,15550,7,120,2.200,1.200,1.800,10,5,8,31,0,10,2,164,0,16,52,304,42,18,23,135,19,20,29,73,21,21,72,101,31,26,79,249,40,27,27,273,38,29,20,78,0,31,19,202,25,0,0,0,0,0,0,0,0];[2016,6,15,15,29,27,48.294952,4.079977,16650,7,120,2.200,1.200,1.800,10,5,8,31,0,10,2,164,0,16,52,304,43,18,23,135,17,20,29,73,21,21,72,101,39,26,79,249,40,27,27,273,43,29,20,78,0,31,19,202,22,0,0,0,0,0,0,0,0];[2016,6,15,15,29,32,48.295143,4.080417,15760,7,120,2.200,1.200,1.800,10,5,8,31,0,10,2,164,0,16,52,304,42,18,23,135,19,20,29,73,30,21,72,101,38,26,79,249,41,27,27,273,40,29,20,78,0,31,19,202,22,0,0,0,0,0,0,0,0];[2016,6,15,15,29,37,48.295131,4.080910,14540,7,120,2.200,1.200,1.800,10,5,8,31,0,10,2,164,0,16,52,304,44,18,23,135,24,20,29,73,36,21,72,101,35,26,79,249,41,27,27,273,42,29,20,78,0,31,19,202,30,0,0,0,0,0,0,0,0];[2016,6,15,15,29,42,48.294998,4.081367,13630,6,130,2.600,1.300,2.200,10,5,8,31,0,10,2,164,0,16,52,304,42,18,23,135,30,20,29,73,36,21,72,101,36,26,79,249,0,27,27,273,32,29,20,78,0,31,19,202,26,0,0,0,0,0,0,0,0];[2016,6,15,15,29,47,48.294898,4.081861,12860,6,130,2.600,1.300,2.300,10,5,8,31,0,10,2,164,0,16,52,304,43,18,23,135,31,20,29,73,35,21,72,101,37,26,79,249,0,27,27,273,46,29,20,78,0,31,19,202,35,0,0,0,0,0,0,0,0];[2016,6,15,15,29,52,48.294830,4.082393,12260,6,130,2.600,1.300,2.300,10,5,8,31,0,10,2,164,0,16,52,304,44,18,23,135,32,20,29,73,34,21,72,101,37,26,79,249,0,27,27,273,46,29,20,78,0,31,19,202,20,0,0,0,0,0,0,0,0];[2016,6,15,15,29,57,48.294795,4.082928,11840,6,130,2.600,1.300,2.300,10,5,8,31,0,10,2,164,0,16,52,304,44,18,23,135,29,20,29,73,34,21,72,101,37,26,79,249,0,27,27,273,47,29,20,78,0,31,19,202,32,0,0,0,0,0,0,0,0];[2016,6,15,15,30,2,48.294795,4.083440,11590,5,140,2.700,1.400,2.300,10,5,8,31,0,10,2,164,0,16,52,304,43,18,23,135,0,20,29,73,32,21,72,101,37,26,79,249,0,27,27,273,47,29,20,78,0,31,19,202,30,0,0,0,0,0,0,0,0];[2016,6,15,15,30,7,48.294872,4.083913,11360,5,140,2.700,1.400,2.300,10,5,8,31,0,10,2,164,0,16,52,304,42,18,23,135,0,20,29,73,31,21,72,101,37,26,79,249,0,27,27,273,47,29,20,78,0,31,19,202,41,0,0,0,0,0,0,0,0];[2016,6,15,15,30,12,