var_car=[[2016,6,15,15,19,26,48.295425,4.074108,11630,5,360,4.600,3.600,2.800,10,5,10,34,0,16,48,305,0,18,19,138,32,20,29,78,38,21,73,116,41,25,2,133,0,26,77,272,27,27,24,270,22,29,24,76,35,31,23,204,31,0,0,0,0,0,0,0,0];[2016,6,15,15,19,32,48.295387,4.074148,11870,5,360,4.600,3.600,2.800,10,5,10,34,0,16,48,305,0,18,19,138,32,20,29,78,38,21,73,116,41,25,2,133,0,26,77,272,27,27,24,270,22,29,24,76,35,31,23,204,31,0,0,0,0,0,0,0,0];[2016,6,15,15,19,37,48.295387,4.074148,11900,5,360,4.600,3.600,2.800,10,5,10,34,0,16,48,305,0,18,19,138,33,20,29,78,39,21,73,116,41,25,2,133,0,26,77,272,27,27,24,270,22,29,24,76,35,31,23,204,31,0,0,0,0,0,0,0,0];[2016,6,15,15,19,42,48.295417,4.074131,11970,5,360,4.600,3.600,2.800,10,5,10,34,0,16,48,305,0,18,19,138,39,20,29,78,40,21,73,116,42,25,2,133,0,26,77,272,24,27,24,270,23,29,24,76,42,31,23,204,35,0,0,0,0,0,0,0,0];[2016,6,15,15,19,47,48.295459,4.074098,11960,5,360,4.600,3.600,2.800,10,5,10,34,22,16,48,305,0,18,19,138,40,20,29,78,41,21,73,116,43,25,2,133,0,26,77,271,21,27,24,270,23,29,24,76,42,31,23,204,34,0,0,0,0,0,0,0,0];[2016,6,15,15,19,52,48.295528,4.074028,11830,5,360,4.600,3.600,2.800,10,5,10,34,22,16,48,305,0,18,19,138,40,20,29,78,41,21,73,116,43,25,2,133,0,26,77,271,19,27,24,270,23,29,24,76,42,31,23,204,34,0,0,0,0,0,0,0,0];[2016,6,15,15,19,57,48.295555,4.074008,11790,5,250,3.500,2.500,2.500,10,5,10,34,23,16,48,305,0,18,20,137,40,20,29,78,41,21,73,115,43,25,2,133,0,26,77,271,0,27,24,270,0,29,23,76,42,31,23,204,34,0,0,0,0,0,0,0,0];[2016,6,15,15,20,2,48.295566,4.073995,11760,5,250,3.500,2.500,2.500,10,5,10,34,23,16,48,305,0,18,20,137,40,20,29,78,41,21,73,115,43,25,2,133,0,26,77,271,0,27,24,270,22,29,23,76,42,31,23,204,33,0,0,0,0,0,0,0,0];[2016,6,15,15,20,7,48.295578,4.073987,11760,5,250,3.500,2.500,2.500,10,5,10,34,23,16,48,305,0,18,20,137,40,20,29,78,42,21,73,115,43,25,2,133,0,26,77,271,0,27,24,270,23,29,23,76,42,31,23,204,33,0,0,0,0,0,0,0,0];[2016,6,15,15,20,12,48.295589,4.073976,11750,6,220,3.300,2.200,2.500,10,5,10,34,24,16,48,305,22,18,20,137,40,20,29,78,42,21,73,115,43,25,2,133,0,26,77,271,20,27,24,270,22,29,23,76,42,31,23,204,33,0,0,0,0,0,0,0,0];[2016,6,15,15,20,17,48.295608,4.073955,11700,6,220,3.300,2.200,2.500,10,5,10,34,24,16,48,305,21,18,20,137,40,20,29,78,42,21,73,115,43,25,2,133,0,26,77,271,21,27,24,270,22,29,23,76,42,31,23,204,33,0,0,0,0,0,0,0,0];[2016,6,15,15,20,22,48.295616,4.073945,11680,6,220,3.300,2.200,2.500,10,5,10,34,24,16,48,305,22,18,20,137,40,20,29,78,42,21,73,115,43,25,2,133,0,26,77,271,22,27,24,270,21,29,23,76,42,31,23,204,33,0,0,0,0,0,0,0,0];[2016,6,15,15,20,27,48.295623,4.073938,11670,6,220,3.300,2.200,2.500,10,5,10,34,24,16,48,305,22,18,20,137,40,20,29,78,41,21,73,115,43,25,2,133,0,26,77,271,23,27,24,270,21,29,23,76,42,31,23,204,33,0,0,0,0,0,0,0,0];[2016,6,15,15,20,32,48.295627,4.073933,11650,6,220,3.300,2.200,2.500,10,5,10,34,24,16,48,305,22,18,20,137,40,20,29,78,41,21,73,115,43,25,2,133,0,26,77,271,24,27,24,270,20,29,23,76,42,31,23,204,33,0,0,0,0,0,0,0,0];[2016,6,15,15,20,37,48.295646,4.073908,11490,6,220,3.300,2.200,2.500,10,5,10,34,11,16,48,305,23,18,20,137,18,20,29,78,23,21,73,115,25,25,2,133,0,26,77,271,27,27,24,270,22,29,23,76,21,31,23,204,25,0,0,0,0,0,0,0,0];[2016,6,15,15,20,42,48.295654,4.073887,11350,6,220,3.300,2.200,2.400,10,5,10,34,0,16,48,305,21,18,20,137,25,20,29,78,24,21,73,115,21,25,2,133,0,26,77,271,29,27,24,270,17,29,23,76,20,31,23,204,24,0,0,0,0,0,0,0,0];[2016,6,15,15,20,47,48.295654,4.073885,11280,6,220,3.300,2.200,2.400,10,5,10,34,0,16,48,305,26,18,20,137,23,20,29,78,20,21,73,115,18,25,2,133,0,26,77,271,24,27,24,270,0,29,23,76,24,31,23,204,21,0,0,0,0,0,0,0,0];[2016,6,15,15,20,52,48.295631,4.073848,11430,6,220,3.300,2.200,2.400,10,5,10,34,0,16,48,305,18,18,20,137,23,20,29,78,21,21,73,115,18,25,2,133,0,26,77,271,19,27,24,270,0,29,23,76,18,31,23,204,19,0,0,0,0,0,0,0,0];[2016,6,15,15,20,57,48.295608,4.073870,11840,6,220,3.300,2.200,2.400,10,5,10,34,0,16,48,305,25,18,20,137,23,20,29,78,25,21,73,115,19,25,2,133,0,26,77,271,19,27,24,270,0,29,23,76,17,31,23,204,20,0,0,0,0,0,0,0,0];[2016,6,15,15,21,2,48.295547,4.073963,12150,6,220,3.300,2.200,2.400,10,5,10,34,0,16,48,305,0,18,20,137,14,20,29,78,15,21,73,115,18,25,2,133,0,26,77,271,21,27,24,270,0,29,23,76,18,31,23,204,21,0,0,0,0,0,0,0,0];[2016,6,15,15,21,7,48.295478,4.074017,12570,6,220,3.300,2.200,2.400,10,5,10,34,0,16,48,305,20,18,20,137,16,20,29,78,16,21,73,115,17,25,2,133,0,26,77,271,27,27,24,270,0,29,23,76,20,31,23,204,21,0,0,0,0,0,0,0,0];[2016,6,15,15,21,12,48.295505,4.074030,12620,6,220,3.300,2.200,2.400,10,5,10,34,0,16,48,305,20,18,20,137,17,20,29,78,18,21,73,115,16,25,2,133,0,26,77,271,27,27,24,270,0,29,23,76,21,31,23,204,21,0,0,0,0,0,0,0,0];[2016,6,15,15,21,17,48.295494,4.074027,12790,6,220,3.300,2.200,2.400,10,5,10,33,0,16,49,305,21,18,20,137,17,20,29,77,17,21,73,113,15,25,2,133,0,26,78,268,26,27,24,270,0,29,23,76,20,31,22,204,21,0,0,0,0,0,0,0,0];[2016,6,15,15,21,22,48.295486,4.074015,12970,5,230,3.400,2.300,2.500,10,5,10,33,0,16,49,305,20,18,20,137,17,20,29,77,0,21,73,113,17,25,2,133,0,26,78,268,27,27,24,270,0,29,23,76,20,31,22,204,22,0,0,0,0,0,0,0,0];[2016,6,15,15,21,27,48.295471,4.073973,12940,4,340,5.500,3.400,4.300,10,5,10,33,0,16,49,305,21,18,20,137,22,20,29,77,0,21,73,113,18,25,2,133,0,26,78,268,26,27,24,270,0,29,23,76,21,31,22,204,21,0,0,0,0,0,0,0,0];[2016,6,15,15,21,32,48.295520,4.073980,12630,6,220,3.300,2.200,2.400,10,5,10,33,0,16,49,305,17,18,20,137,23,20,29,77,16,21,73,113,25,25,2,133,0,26,78,268,20,27,24,270,0,29,23,76,26,31,22,204,18,0,0,0,0,0,0,0,0];[2016,6,15,15,21,37,48.295528,4.074027,12710,6,220,3.300,2.200,2.400,10,5,10,33,0,16,49,305,25,18,20,137,23,20,29,77,16,21,73,113,19,25,2,133,0,26,78,268,16,27,24,270,0,29,23,76,22,31,22,204,21,0,0,0,0,0,0,0,0];[2016,6,15,15,21,42,48.295539,4.074040,12630,5,270,4.600,2.700,3.800,10,5,10,33,0,16,49,305,16,18,20,137,34,20,29,77,18,21,73,113,10,25,2,133,0,26,78,268,22,27,24,270,0,29,23,76,25,31,22,204,27,0,0,0,0,0,0,0,0];[2016,6,15,15,21,47,48.295566,4.074008,11980,5,270,4.600,2.700,3.700,10,5,10,33,0,16,49,305,15,18,20,137,34,20,29,77,26,21,73,113,0,25,2,133,0,26,78,268,23,27,24,270,0,29,23,76,24,31,22,204,27,0,0,0,0,0,0,0,0];[2016,6,15,15,21,52,48.295574,4.073982,11940,6,220,3.300,2.200,2.400,10,5,10,33,0,16,49,305,16,18,20,137,34,20,29,77,26,21,73,113,19,25,2,133,0,26,78,268,24,27,24,270,0,29,23,76,23,31,22,204,28,0,0,0,0,0,0,0,0];[2016,6,15,15,21,57,48.295578,4.073966,11730,6,220,3.300,2.200,2.400,10,5,10,33,0,16,49,305,17,18,20,137,34,20,29,77,26,21,73,113,19,25,2,133,0,26,78,268,25,27,24,270,0,29,23,76,22,31,22,204,28,0,0,0,0,0,0,0,0];[2016,6,15,15,22,2,48.295585,4.073956,11540,6,220,3.300,2.200,2.400,10,5,10,33,0,16,49,305,23,18,20,137,33,20,29,77,25,21,73,113,15,25,2,133,0,26,78,268,25,27,24,270,0,29,23,76,22,31,22,204,28,0,0,0,0,0,0,0,0];[2016,6,15,15,22,7,48.295585,4.073966,11520,6,220,3.300,2.200,2.400,10,5,10,33,0,16,49,305,23,18,20,137,32,20,29,77,25,21,73,113,15,25,2,133,0,26,78,268,25,27,24,270,0,29,23,76,21,31,22,204,27,0,0,0,0,0,0,0,0];[2016,6,15,15,22,12,48.295589,4.073962,11470,6,220,3.300,2.200,2.400,10,5,10,33,0,16,49,305,23,18,20,137,32,20,29,77,24,21,73,113,16,25,2,133,0,26,78,268,25,27,24,270,0,29,23,76,20,31,22,204,27,0,0,0,0,0,0,0,0];[2016,6,15,15,22,17,48.295608,4.073948,10960,6,220,3.300,2.200,2.400,10,5,10,33,0,16,49,305,24,18,20,137,32,20,29,77,24,21,73,113,16,25,2,133,0,26,78,268,25,27,24,270,0,29,23,76,20,31,22,204,27,0,0,0,0,0,0,0,0];[2016,6,15,15,22,22,48.295619,4.073943,10850,6,220,3.300,2.200,2.400,10,5,10,33,0,16,49,305,24,18,20,137,32,20,29,77,24,21,73,113,17,25,2,133,0,26,78,268,25,27,24,270,0,29,23,76,12,31,22,204,27,0,0,0,0,0,0,0,0];[2016,6,15,15,22,27,48.295619,4.073936,10610,6,220,3.300,2.200,2.400,10,5,10,33,0,16,49,305,24,18,20,137,32,20,29,77,25,21,73,113,17,25,2,133,0,26,78,268,20,27,24,270,0,29,23,76,22,31,22,204,27,0,0,0,0,0,0,0,0];[2016,6,15,15,22,32,48.295616,4.073915,10720,6,220,3.300,2.200,2.400,10,5,10,33,0,16,49,305,25,18,20,137,32,20,29,77,24,21,73,113,17,25,2,133,0,26,78,268,21,27,24,270,16,29,23,76,